115
["a<-c(0.6,1.0,0.1,0.4,0.2,0.8,0.5,0.7,0.3,0.9)", "b<-numeric(length(a))", "I<-c(2.055905147849054,1.0350503167457275,2.260568877034162,2.3289394175354152,2.3535193458254486,1.5781722807187524,2.212031920688041,1.7946298180973723,2.3881859461796986,1.3882713370675401)"]


11
["a<-c(0.4,0.3,0.2,0.7,0.8,0.1,0.9,1.0,0.5,0.6)", "b<-numeric(length(a))", "I<-c(2.1809227415681938,2.3097839486005234,2.3692797996837722,1.6868549177361163,1.437072034285913,2.3956114185754513,1.2039815623526555,0.9755439024409908,2.0401602454528045,1.9016469809959824)"]


12
["a<-c(0.4,1.0,0.6,0.1,0.8,0.7,0.3,0.2,0.5,0.9)", "b<-numeric(length(a))", "I<-c(2.2546829861460007,1.1145999766432697,2.048629418750245,2.1623981237742083,1.630122310644814,1.8732699327855926,2.3236868442027987,2.2765414836463806,2.2424665343567174,1.4048427846586893)"]


18
["a<-c(0.8,0.4,1.0,0.6,0.1,0.5,0.9,0.7,0.2,0.3)", "b<-numeric(length(a))", "I<-c(1.606314120700575,1.8731009068339355,1.0977986511653646,1.8358859467489672,1.4144210713430927,1.8952179953129313,1.3286230954807583,1.7444324326342482,1.6620664804360576,1.805796092969987)"]


18k01
["a<-c(0.5,0.1,0.3,0.6,0.9,0.4,0.8,1.0,0.2,0.7)", "b<-numeric(length(a))", "I<-c(0.8094330483856786,0.9995374933381698,0.9087382628619922,0.825006982074529,0.722821359608358,0.8014267254589433,0.7352641276214151,0.6084118390127293,0.957971138359237,0.7780921747792209)"]


18k05
["a<-c(0.8,0.4,0.7,0.3,0.9,0.1,0.6,0.5,0.2,1.0)", "b<-numeric(length(a))", "I<-c(1.008250617872603,1.5418094215056937,1.1444155501864361,1.66829842616532,0.8252246463283377,1.8129849961636324,1.23263817422237,1.4358824686862464,1.76061330734825,0.6702308709046021)"]


18k10
["a<-c(0.1,0.5,1.0,0.7,0.8,0.2,0.9,0.6,0.3,0.4)", "b<-numeric(length(a))", "I<-c(0.13190094764161053,0.13171404035965437,0.1283523698286107,0.1268485540983573,0.14670662940251886,0.13199120189983873,0.13068363737635935,0.09490155759173967,0.12508998112571526,0.15743970058315485)"]


18k15
["a<-c(0.2,0.4,0.5,0.7,0.1,0.8,1.0,0.9,0.6,0.3)", "b<-numeric(length(a))", "I<-c(0.8409326754787382,1.3583317194896638,1.5722837708140402,1.8926300591426055,0.636020168304234,1.979055995208581,1.8033241087984542,1.9196867010286236,1.7548843004492787,1.1138371625360644)"]


18k2
["a<-c(0.3,0.7,0.1,0.5,1.0,0.4,0.8,0.2,0.6,0.9)", "b<-numeric(length(a))", "I<-c(0.2866439785649635,0.9447709427742723,0.13217212224662797,0.5687232398562536,1.6670591901900822,0.3960896719271442,1.2190453231965517,0.19274432075779155,0.7122142417344033,1.4358632707984806)"]


