21
["a<-c(0.1,1.0,0.9,0.6,0.4,0.5,0.8,0.7,0.3,0.2)", "b<-numeric(length(a))", "I<-c(1.6861724557208904,1.3466269358956837,1.4559982706468417,1.726606192449254,1.8011316062015106,1.6195923009061466,1.5990346366706207,1.715261918254667,1.7208778903156343,1.7049160773846526)"]


22
["a<-c(0.1,1.0,0.6,0.3,0.2,0.8,0.4,0.7,0.9,0.5)", "b<-numeric(length(a))", "I<-c(1.8461209484493666,1.524043155517381,2.0320479658953956,2.0424310649388935,1.870071861449034,1.8868457960414537,2.0573435896127137,1.9840443407897472,1.797559915926145,2.0386260175922675)"]


23
["a<-c(0.9,0.4,0.7,0.5,0.6,1.0,0.2,0.1,0.3,0.8)", "b<-numeric(length(a))", "I<-c(1.8949325808054938,2.1660122356103613,2.24316314119275,2.175906966740814,2.1846018402770015,1.7781055610992809,1.9178483747102448,1.7178593277069734,2.0509423886322184,2.1974350053590967)"]



24["a<-c(0.5,1.0,0.1,0.9,0.8,0.3,0.7,0.4,0.6,0.2)", "b<-numeric(length(a))", "I<-c(2.1300687634871296,1.9097770769348106,1.5112592527207935,2.108501683280527,2.1903455368096076,1.9118713844167183,2.230244690924519,1.9356528258375079,2.1747901071424054,1.8213767140741284)"]



26["a<-c(0.6,1.0,0.8,0.4,0.9,0.3,0.7,0.1,0.5,0.2)", "b<-numeric(length(a))", "I<-c(1.9144349985076363,2.0563168252410287,2.1412540999545913,1.5721993329334492,2.1677120869925264,1.3903903734450198,2.0029444701060344,0.9119407612396566,1.7171391000338145,1.148576622443167)"]


